n Pelvis
s 0.2133 0.1634 0.1481
R 1.0000 0.0000 0.0000 0.0000 1.0000 0.0000 0.0000 0.0000 1.0000
t 0.0000 0.9809 -0.0308
j 0.0000 0.9800 -0.0300
n FemurR
s 0.0765 0.4043 0.0759
R 0.9998 -0.0174 -0.0024 -0.0175 -0.9997 -0.0172 -0.0021 0.0172 -0.9998
t -0.1000 0.7241 -0.0200
j -0.0903 0.9337 -0.0116
n TibiaR
s 0.0705 0.4156 0.0705
R 0.9994 0.0348 -0.0030 0.0349 -0.9956 0.0871 0.0000 -0.0872 -0.9962
t -0.0927 0.3017 -0.0341
j -0.0995 0.5302 0.0000
n TalusR
s 0.0319 0.0245 0.0420
R 0.9980 -0.0485 -0.0400 -0.0349 -0.9564 0.2899 -0.0523 -0.2880 -0.9562
t -0.0775 0.0768 -0.0431
j -0.0800 0.0776 -0.0419
n NavicularR
s 0.0357 0.0244 0.0147
R 0.9778 0.0232 0.2081 -0.0788 -0.8802 0.4681 0.1941 -0.4741 -0.8588
t -0.0784 0.0683 -0.0134
j -0.0800 0.0692 -0.0199
n MedialCuneiformR
s 0.0173 0.0258 0.0223
R 0.9625 0.1449 0.2293 -0.0160 -0.8136 0.5813 0.2708 -0.5631 -0.7807
t -0.0714 0.0568 0.0093
j -0.0690 0.0595 0.0030
n Metatarsal1R
s 0.0157 0.0554 0.0164
R 0.9831 0.1156 -0.1418 -0.0529 -0.5626 -0.8250 -0.1751 0.8186 -0.5470
t -0.0710 0.0340 0.0481
j -0.0715 0.0466 0.0253
n ProximalPhalanx1R
s 0.0129 0.0109 0.0309
R 0.9916 -0.0458 -0.1208 -0.0244 -0.9847 0.1725 -0.1268 -0.1681 -0.9776
t -0.0632 0.0152 0.0875
j -0.0642 0.0201 0.0724
n DistalPhalanx1R
s 0.0100 0.0100 0.0100
R 0.9909 0.0268 0.1316 0.0062 -0.9880 0.1541 0.1341 -0.1519 -0.9793
t -0.0603 0.0080 0.1160
j -0.0613 0.0106 0.1053
n IntermediateCuneiformR
s 0.0128 0.0193 0.0132
R 0.9135 -0.0000 0.4067 -0.1719 -0.9063 0.3861 0.3686 -0.4226 -0.8280
t -0.0837 0.0592 0.0026
j -0.0833 0.0632 -0.0093
n Metatarsal2R
s 0.0100 0.0100 0.0663
R 0.9976 -0.0429 -0.0550 0.0000 -0.7880 0.6157 -0.0698 -0.6142 -0.7861
t -0.0885 0.0395 0.0396
j -0.0857 0.0544 0.0104
n ProximalPhalanx2R
s 0.0109 0.0089 0.0211
R 0.9962 0.0000 0.0872 -0.0136 -0.9877 0.1555 0.0861 -0.1561 -0.9840
t -0.0890 0.0163 0.0822
j -0.0868 0.0179 0.0677
n MiddlePhalanx2R
s 0.0097 0.0084 0.0110
R 0.9877 0.0483 0.1488 0.0109 -0.9700 0.2427 0.1561 -0.2381 -0.9586
t -0.0906 0.0129 0.0992
j -0.0899 0.0155 0.0931
n DistalPhalanx2R
s 0.0100 0.0069 0.0100
R 0.9818 0.0736 0.1749 0.0343 -0.9754 0.2179 0.1866 -0.2079 -0.9602
t -0.0930 0.0099 0.1126
j -0.0922 0.0127 0.1068
n LateralCuneiformR
s 0.0131 0.0196 0.0165
R 0.9336 0.1846 0.3072 0.0000 -0.8572 0.5150 0.3584 -0.4808 -0.8002
t -0.0937 0.0561 -0.0029
j -0.0912 0.0612 -0.0093
n Metatarsal3R
s 0.0100 0.0100 0.0629
R 0.9976 0.0429 0.0550 0.0049 -0.8289 0.5593 0.0696 -0.5577 -0.8271
t -0.1022 0.0336 0.0356
j -0.1003 0.0492 0.0068
n ProximalPhalanx3R
s 0.0124 0.0079 0.0227
R 0.9848 0.0000 0.1736 -0.0239 -0.9904 0.1358 0.1720 -0.1379 -0.9754
t -0.1063 0.0143 0.0746
j -0.1038 0.0150 0.0629
n MiddlePhalanx3R
s 0.0118 0.0073 0.0100
R 0.9781 0.0573 0.1999 0.0000 -0.9613 0.2756 0.2079 -0.2696 -0.9403
t -0.1096 0.0114 0.0917
j -0.1076 0.0134 0.0850
n DistalPhalanx3R
s 0.0114 0.0075 0.0100
R 0.9455 0.0340 0.3238 0.0000 -0.9945 0.1045 0.3256 -0.0988 -0.9403
t -0.1127 0.0082 0.1035
j -0.1107 0.0106 0.0975
n CuboidR
s 0.0243 0.0216 0.0182
R 0.6181 0.5210 0.5887 0.4226 -0.8517 0.3100 0.6628 0.0572 -0.7466
t -0.1023 0.0429 -0.0142
j -0.0866 0.0556 -0.0179
n Metatarsal4R
s 0.0100 0.0100 0.0574
R 0.9848 0.0815 0.1533 0.0000 -0.8829 0.4695 0.1736 -0.4623 -0.8695
t -0.1125 0.0275 0.0262
j -0.1042 0.0378 -0.0007
n ProximalPhalanx4R
s 0.0111 0.0088 0.0176
R 0.9702 0.0046 0.2424 -0.0166 -0.9962 0.0856 0.2419 -0.0870 -0.9664
t -0.1198 0.0133 0.0621
j -0.1180 0.0140 0.0531
n MiddlePhalanx4R
s 0.0109 0.0076 0.0096
R 0.9781 0.0397 0.2041 0.0036 -0.9847 0.1740 0.2079 -0.1695 -0.9634
t -0.1236 0.0110 0.0767
j -0.1216 0.0131 0.0726
n DistalPhalanx4R
s 0.0095 0.0064 0.0082
R 0.9744 0.0429 0.2208 0.0000 -0.9816 0.1908 0.2250 -0.1859 -0.9565
t -0.1269 0.0098 0.0862
j -0.1241 0.0128 0.0793
n Metatarsal5R
s 0.0100 0.0100 0.0558
R 0.9221 0.2942 0.2512 0.1825 -0.9033 0.3882 0.3411 -0.3121 -0.8867
t -0.1241 0.0262 0.0193
j -0.1092 0.0332 -0.0066
n ProximalPhalanx5R
s 0.0100 0.0083 0.0168
R 0.9742 0.0123 0.2254 -0.0194 -0.9903 0.1378 0.2249 -0.1386 -0.9645
t -0.1346 0.0125 0.0558
j -0.1326 0.0156 0.0450
n MiddlePhalanx5R
s 0.0103 0.0060 0.0057
R 0.9659 -0.0000 0.2588 0.0000 -1.0000 -0.0000 0.2588 0.0000 -0.9659
t -0.1378 0.0103 0.0687
j -0.1362 0.0113 0.0654
n DistalPhalanx5R
s 0.0100 0.0061 0.0064
R 0.9744 0.0000 0.2250 -0.0506 -0.9744 0.2192 0.2192 -0.2250 -0.9494
t -0.1399 0.0085 0.0749
j -0.1376 0.0099 0.0707
n CalcaneusR
s 0.0363 0.0356 0.0683
R 0.9650 -0.0305 0.2605 0.0274 -0.9761 -0.2156 0.2609 0.2152 -0.9411
t -0.0871 0.0403 -0.0637
j -0.0829 0.0641 -0.0582
n FemurL
s 0.0765 0.4043 0.0759
R 0.9998 -0.0174 -0.0024 0.0175 0.9997 0.0172 0.0021 -0.0172 0.9998
t 0.1000 0.7241 -0.0200
j 0.0903 0.9337 -0.0116
n TibiaL
s 0.0704 0.4156 0.0705
R 0.9994 0.0348 -0.0030 -0.0349 0.9956 -0.0871 0.0000 0.0872 0.9962
t 0.0928 0.3017 -0.0341
j 0.0995 0.5302 0.0000
n TalusL
s 0.0318 0.0245 0.0420
R 0.9980 -0.0485 -0.0400 0.0349 0.9564 -0.2899 0.0523 0.2880 0.9562
t 0.0776 0.0768 -0.0431
j 0.0800 0.0776 -0.0419
n NavicularL
s 0.0357 0.0244 0.0147
R 0.9778 0.0232 0.2081 0.0788 0.8802 -0.4681 -0.1941 0.4741 0.8588
t 0.0784 0.0683 -0.0134
j 0.0800 0.0692 -0.0199
n MedialCuneiformL
s 0.0173 0.0258 0.0223
R 0.9625 0.1449 0.2293 0.0160 0.8136 -0.5813 -0.2708 0.5631 0.7807
t 0.0714 0.0568 0.0093
j 0.0690 0.0595 0.0030
n Metatarsal1L
s 0.0157 0.0554 0.0164
R 0.9831 0.1156 -0.1418 0.0529 0.5626 0.8250 0.1751 -0.8186 0.5470
t 0.0710 0.0340 0.0481
j 0.0715 0.0466 0.0253
n ProximalPhalanx1L
s 0.0129 0.0109 0.0309
R 0.9916 -0.0458 -0.1208 0.0244 0.9847 -0.1725 0.1268 0.1681 0.9776
t 0.0632 0.0152 0.0875
j 0.0642 0.0201 0.0724
n DistalPhalanx1L
s 0.0140 0.0096 0.0186
R 0.9909 0.0268 0.1316 -0.0062 0.9880 -0.1541 -0.1341 0.1519 0.9793
t 0.0603 0.0080 0.1160
j 0.0615 0.0105 0.1053
n IntermediateCuneiformL
s 0.0128 0.0193 0.0132
R 0.9135 -0.0000 0.4067 0.1719 0.9063 -0.3861 -0.3686 0.4226 0.8280
t 0.0837 0.0592 0.0025
j 0.0833 0.0632 -0.0093
n Metatarsal2L
s 0.0100 0.0100 0.0663
R 0.9976 -0.0429 -0.0550 0.0000 0.7880 -0.6157 0.0698 0.6142 0.7861
t 0.0885 0.0395 0.0395
j 0.0857 0.0544 0.0104
n ProximalPhalanx2L
s 0.0109 0.0089 0.0211
R 0.9962 -0.0000 0.0872 0.0136 0.9877 -0.1555 -0.0861 0.1561 0.9840
t 0.0890 0.0163 0.0822
j 0.0868 0.0179 0.0677
n MiddlePhalanx2L
s 0.0097 0.0084 0.0110
R 0.9877 0.0483 0.1488 -0.0109 0.9700 -0.2427 -0.1561 0.2381 0.9586
t 0.0906 0.0129 0.0992
j 0.0899 0.0155 0.0932
n DistalPhalanx2L
s 0.0100 0.0069 0.0100
R 0.9818 0.0736 0.1749 -0.0343 0.9754 -0.2179 -0.1866 0.2079 0.9602
t 0.0930 0.0099 0.1126
j 0.0922 0.0127 0.1069
n LateralCuneiformL
s 0.0131 0.0196 0.0165
R 0.9336 0.1846 0.3072 0.0000 0.8572 -0.5150 -0.3584 0.4808 0.8002
t 0.0937 0.0561 -0.0030
j 0.0912 0.0612 -0.0093
n Metatarsal3L
s 0.0100 0.0100 0.0629
R 0.9976 0.0429 0.0550 -0.0049 0.8289 -0.5593 -0.0696 0.5577 0.8271
t 0.1021 0.0336 0.0356
j 0.1003 0.0492 0.0068
n ProximalPhalanx3L
s 0.0124 0.0079 0.0227
R 0.9848 -0.0000 0.1736 0.0239 0.9904 -0.1358 -0.1720 0.1379 0.9754
t 0.1063 0.0143 0.0746
j 0.1038 0.0150 0.0629
n MiddlePhalanx3L
s 0.0118 0.0073 0.0100
R 0.9781 0.0573 0.1999 0.0000 0.9613 -0.2756 -0.2079 0.2696 0.9403
t 0.1096 0.0114 0.0917
j 0.1076 0.0134 0.0850
n DistalPhalanx3L
s 0.0114 0.0075 0.0100
R 0.9455 0.0340 0.3238 0.0000 0.9945 -0.1045 -0.3256 0.0988 0.9403
t 0.1127 0.0082 0.1035
j 0.1107 0.0106 0.0975
n CuboidL
s 0.0243 0.0216 0.0182
R 0.6181 0.5210 0.5887 -0.4226 0.8517 -0.3100 -0.6628 -0.0572 0.7466
t 0.1023 0.0429 -0.0142
j 0.0866 0.0556 -0.0179
n Metatarsal4L
s 0.0100 0.0100 0.0574
R 0.9848 0.0815 0.1533 0.0000 0.8829 -0.4695 -0.1736 0.4623 0.8695
t 0.1125 0.0275 0.0262
j 0.1042 0.0378 -0.0007
n ProximalPhalanx4L
s 0.0111 0.0088 0.0176
R 0.9702 0.0046 0.2424 0.0166 0.9962 -0.0856 -0.2419 0.0870 0.9664
t 0.1198 0.0133 0.0621
j 0.1180 0.0140 0.0531
n MiddlePhalanx4L
s 0.0109 0.0076 0.0096
R 0.9781 0.0397 0.2041 -0.0036 0.9847 -0.1740 -0.2079 0.1695 0.9634
t 0.1236 0.0110 0.0767
j 0.1216 0.0131 0.0726
n DistalPhalanx4L
s 0.0095 0.0064 0.0082
R 0.9744 0.0429 0.2208 0.0000 0.9816 -0.1908 -0.2250 0.1859 0.9565
t 0.1269 0.0098 0.0862
j 0.1241 0.0128 0.0793
n Metatarsal5L
s 0.0100 0.0100 0.0558
R 0.9221 0.2942 0.2512 -0.1825 0.9033 -0.3882 -0.3411 0.3121 0.8867
t 0.1241 0.0262 0.0193
j 0.1092 0.0332 -0.0066
n ProximalPhalanx5L
s 0.0100 0.0083 0.0168
R 0.9742 0.0123 0.2254 0.0194 0.9903 -0.1378 -0.2249 0.1386 0.9645
t 0.1346 0.0125 0.0558
j 0.1326 0.0156 0.0450
n MiddlePhalanx5L
s 0.0103 0.0060 0.0057
R 0.9659 0.0000 0.2588 0.0000 1.0000 0.0000 -0.2588 0.0000 0.9659
t 0.1378 0.0103 0.0687
j 0.1362 0.0113 0.0654
n DistalPhalanx5L
s 0.0100 0.0061 0.0064
R 0.9744 -0.0000 0.2250 0.0506 0.9744 -0.2192 -0.2192 0.2250 0.9494
t 0.1398 0.0085 0.0749
j 0.1376 0.0099 0.0707
n CalcaneusL
s 0.0363 0.0356 0.0683
R 0.9650 -0.0305 0.2605 -0.0274 0.9761 0.2156 -0.2609 -0.2152 0.9411
t 0.0871 0.0403 -0.0637
j 0.0829 0.0641 -0.0582
n Spine
s 0.0829 0.0976 0.1045
R 1.0000 0.0000 0.0000 0.0000 1.0000 0.0000 0.0000 0.0000 1.0000
t 0.0000 1.1204 -0.0464
j 0.0000 1.0675 -0.0434
n Torso
s 0.2047 0.2484 0.1523
R 1.0000 0.0000 0.0000 0.0000 0.9900 0.1411 0.0000 -0.1411 0.9900
t 0.0000 1.3097 -0.0385
j 0.0000 1.1761 -0.0498
n Neck
s 0.0668 0.0728 0.0635
R 1.0000 0.0000 0.0000 0.0000 0.9732 -0.2301 0.0000 0.2301 0.9732
t 0.0000 1.5297 -0.0250
j 0.0000 1.4844 -0.0436
n Head
s 0.1265 0.1468 0.1095
R 1.0000 0.0000 0.0000 0.0000 0.9895 -0.1447 0.0000 0.1447 0.9895
t 0.0000 1.6506 0.0150
j 0.0000 1.5652 -0.0086
n ShoulderR
s 0.1635 0.0391 0.0391
R 0.9985 -0.0048 0.0549 -0.0047 -1.0000 -0.0011 0.0549 0.0008 -0.9985
t -0.0981 1.4644 -0.0391
j -0.0147 1.4535 -0.0381
n ArmR
s 0.3329 0.0503 0.0531
R 0.9960 0.0361 -0.0812 0.0225 -0.9866 -0.1618 -0.0860 0.1594 -0.9835
t -0.3578 1.4320 -0.0146
j -0.1995 1.4350 -0.0353
n ForeArmR
s 0.2630 0.0503 0.0531
R 0.9929 0.0823 -0.0856 0.0726 -0.9912 -0.1106 -0.0939 0.1036 -0.9902
t -0.6674 1.4242 0.0091
j -0.5234 1.4242 -0.0012
n HandR
s 0.0744 0.0503 0.0618
R 0.9960 0.0789 0.0423 0.0855 -0.9790 -0.1853 0.0267 0.1882 -0.9818
t -0.8466 1.4060 0.0208
j -0.8102 1.4014 0.0199
n ShoulderL
s 0.1635 0.0391 0.0391
R 0.9985 -0.0048 0.0549 0.0047 1.0000 0.0011 -0.0549 -0.0008 0.9985
t 0.0981 1.4644 -0.0391
j 0.0147 1.4535 -0.0381
n ArmL
s 0.3329 0.0503 0.0531
R 0.9960 0.0361 -0.0812 -0.0225 0.9866 0.1618 0.0860 -0.1594 0.9835
t 0.3578 1.4320 -0.0146
j 0.1995 1.4350 -0.0353
n ForeArmL
s 0.2630 0.0503 0.0531
R 0.9929 0.0823 -0.0856 -0.0726 0.9912 0.1106 0.0939 -0.1036 0.9902
t 0.6674 1.4242 0.0091
j 0.5234 1.4242 -0.0012
n HandL
s 0.0744 0.0503 0.0618
R 0.9960 0.0789 0.0423 -0.0855 0.9790 0.1853 -0.0267 -0.1882 0.9818
t 0.8466 1.4060 0.0208
j 0.8102 1.4014 0.0199