n Pelvis
s 0.2133 0.1634 0.1481
R 1.0000 0.0000 0.0000 0.0000 1.0000 0.0000 0.0000 0.0000 1.0000
t 0.0000 0.9809 -0.0308
j 0.0000 0.9800 -0.0300
n FemurR
s 0.0765 0.4043 0.0759
R 0.9998 -0.0174 -0.0024 -0.0175 -0.9997 -0.0172 -0.0021 0.0172 -0.9998
t -0.1000 0.7241 -0.0200
j -0.0903 0.9337 -0.0116
n TibiaR
s 0.0705 0.4156 0.0705
R 0.9994 0.0348 -0.0030 0.0349 -0.9956 0.0871 0.0000 -0.0872 -0.9962
t -0.0927 0.3017 -0.0341
j -0.0995 0.5302 0.0000
n TalusR
s 0.0746 0.0584 0.1973
R 0.9875 -0.0239 0.1559 -0.0225 -0.9997 -0.0109 0.1561 0.0072 -0.9877
t -0.0851 0.0375 -0.0008
j -0.0800 0.0776 -0.0419
n FemurL
s 0.0765 0.4043 0.0759
R 0.9998 -0.0174 -0.0024 0.0175 0.9997 0.0172 0.0021 -0.0172 0.9998
t 0.1000 0.7241 -0.0200
j 0.0903 0.9337 -0.0116
n TibiaL
s 0.0704 0.4156 0.0705
R 0.9994 0.0348 -0.0030 -0.0349 0.9956 -0.0871 0.0000 0.0872 0.9962
t 0.0928 0.3017 -0.0341
j 0.0995 0.5302 0.0000
n TalusL
s 0.0746 0.0584 0.1973
R 0.9875 -0.0239 0.1559 0.0225 0.9997 0.0109 -0.1561 -0.0072 0.9877
t 0.0851 0.0375 -0.0008
j 0.0800 0.0776 -0.0419